Final Parent, Children and Combined Populations:


p Genomes:
{'genes': array([  3,   5,  -4,   6,  -4,  -2,  -9,  -6,   8,  -2,  -4,   8,  -3,
        -2, -10,   2,   1,  -8]), 'fitness': -30.007, 'bounds': [(-10, 10), (-10, 10), (-10, 10), (-10, 10), (-10, 10), (-10, 10), (-10, 10), (-10, 10), (-10, 10), (-10, 10), (-10, 10), (-10, 10), (-10, 10), (-10, 10), (-10, 10), (-10, 10), (-10, 10), (-10, 10)]}
{'genes': array([ 6,  5, -3,  6, -4, -6, -2, -7,  9, -6, -8,  8, -3, -1,  6,  9, -3,
        6]), 'fitness': -1.565, 'bounds': [(-10, 10), (-10, 10), (-10, 10), (-10, 10), (-10, 10), (-10, 10), (-10, 10), (-10, 10), (-10, 10), (-10, 10), (-10, 10), (-10, 10), (-10, 10), (-10, 10), (-10, 10), (-10, 10), (-10, 10), (-10, 10)]}
{'genes': array([  6,   5,  -3,   6,  -3,   3,  -9,   5,  -7,  -2,  -8,  10,   2,
        -1, -10,   9,   1,   6]), 'fitness': -30.066, 'bounds': [(-10, 10), (-10, 10), (-10, 10), (-10, 10), (-10, 10), (-10, 10), (-10, 10), (-10, 10), (-10, 10), (-10, 10), (-10, 10), (-10, 10), (-10, 10), (-10, 10), (-10, 10), (-10, 10), (-10, 10), (-10, 10)]}
{'genes': array([ 5,  5, -3, -2, -8, -9, -9, -7,  1, -2, -4,  4, -8, -1, 10,  9,  3,
        3]), 'fitness': -30.034, 'bounds': [(-10, 10), (-10, 10), (-10, 10), (-10, 10), (-10, 10), (-10, 10), (-10, 10), (-10, 10), (-10, 10), (-10, 10), (-10, 10), (-10, 10), (-10, 10), (-10, 10), (-10, 10), (-10, 10), (-10, 10), (-10, 10)]}
{'genes': array([ 5, -2, -3,  4, -2,  7, -9, -7,  1, -2, -4,  4,  1, -4, 10,  9,  3,
        8]), 'fitness': -30.046, 'bounds': [(-10, 10), (-10, 10), (-10, 10), (-10, 10), (-10, 10), (-10, 10), (-10, 10), (-10, 10), (-10, 10), (-10, 10), (-10, 10), (-10, 10), (-10, 10), (-10, 10), (-10, 10), (-10, 10), (-10, 10), (-10, 10)]}
{'genes': array([ 6,  0, -3,  6, -3,  7, -9,  5, -5, -2,  4,  8,  2, -1, -5,  3, -6,
        8]), 'fitness': -30.029, 'bounds': [(-10, 10), (-10, 10), (-10, 10), (-10, 10), (-10, 10), (-10, 10), (-10, 10), (-10, 10), (-10, 10), (-10, 10), (-10, 10), (-10, 10), (-10, 10), (-10, 10), (-10, 10), (-10, 10), (-10, 10), (-10, 10)]}
{'genes': array([ 6,  5, -4,  4,  6, -6, -9, -7,  9, -6, -8,  8, -3, -5,  6,  9, -7,
        4]), 'fitness': -30.006, 'bounds': [(-10, 10), (-10, 10), (-10, 10), (-10, 10), (-10, 10), (-10, 10), (-10, 10), (-10, 10), (-10, 10), (-10, 10), (-10, 10), (-10, 10), (-10, 10), (-10, 10), (-10, 10), (-10, 10), (-10, 10), (-10, 10)]}
{'genes': array([ 6,  8, -4,  8, -6,  2, -9, -7,  0, -6,  7,  8, -3, -5,  6,  9, -2,
        4]), 'fitness': -30.033, 'bounds': [(-10, 10), (-10, 10), (-10, 10), (-10, 10), (-10, 10), (-10, 10), (-10, 10), (-10, 10), (-10, 10), (-10, 10), (-10, 10), (-10, 10), (-10, 10), (-10, 10), (-10, 10), (-10, 10), (-10, 10), (-10, 10)]}
{'genes': array([ 5,  5, -3, -2, -3, -2, -9, -7,  1, -2, -8,  4, -4, 10, 10,  9,  3,
        3]), 'fitness': -30.037, 'bounds': [(-10, 10), (-10, 10), (-10, 10), (-10, 10), (-10, 10), (-10, 10), (-10, 10), (-10, 10), (-10, 10), (-10, 10), (-10, 10), (-10, 10), (-10, 10), (-10, 10), (-10, 10), (-10, 10), (-10, 10), (-10, 10)]}
{'genes': array([ 6,  5, -3,  6,  2,  9, -9, -7,  9, -6, -8,  8, -3, -1,  6,  9,  1,
        6]), 'fitness': -30.414, 'bounds': [(-10, 10), (-10, 10), (-10, 10), (-10, 10), (-10, 10), (-10, 10), (-10, 10), (-10, 10), (-10, 10), (-10, 10), (-10, 10), (-10, 10), (-10, 10), (-10, 10), (-10, 10), (-10, 10), (-10, 10), (-10, 10)]}
p2 Genomes:
{'genes': array([  6,   5,  -3,   6, -10,   3,  -9,  -7,   1,  -2,  -4,   4,   1,
        -4,  10,   9,  -2,   6]), 'fitness': -30.056, 'bounds': [(-10, 10), (-10, 10), (-10, 10), (-10, 10), (-10, 10), (-10, 10), (-10, 10), (-10, 10), (-10, 10), (-10, 10), (-10, 10), (-10, 10), (-10, 10), (-10, 10), (-10, 10), (-10, 10), (-10, 10), (-10, 10)]}
{'genes': array([  6,   5,  -3,   6,  -4,  -6,  -2,   3,   9,  -6,  -8,   8,   6,
        -1, -10,   9,  -3,   6]), 'fitness': -30.446, 'bounds': [(-10, 10), (-10, 10), (-10, 10), (-10, 10), (-10, 10), (-10, 10), (-10, 10), (-10, 10), (-10, 10), (-10, 10), (-10, 10), (-10, 10), (-10, 10), (-10, 10), (-10, 10), (-10, 10), (-10, 10), (-10, 10)]}
{'genes': array([ 3,  8, -4,  6, -4, -2, -9, -6,  8, -2, -4,  8, -3, -1,  6, -3, -3,
       -8]), 'fitness': -13.46, 'bounds': [(-10, 10), (-10, 10), (-10, 10), (-10, 10), (-10, 10), (-10, 10), (-10, 10), (-10, 10), (-10, 10), (-10, 10), (-10, 10), (-10, 10), (-10, 10), (-10, 10), (-10, 10), (-10, 10), (-10, 10), (-10, 10)]}
{'genes': array([  4,   5,  -4,   6,  -4,  -2,  -9,  -6,   8,   0,  10,   8,  -3,
        -2, -10,   2,   1,  -8]), 'fitness': -1.799, 'bounds': [(-10, 10), (-10, 10), (-10, 10), (-10, 10), (-10, 10), (-10, 10), (-10, 10), (-10, 10), (-10, 10), (-10, 10), (-10, 10), (-10, 10), (-10, 10), (-10, 10), (-10, 10), (-10, 10), (-10, 10), (-10, 10)]}
{'genes': array([ 6,  5, -4,  6, -4, -2, -9, -6,  8, -2, -8, -5, -3,  1, -6,  4, -3,
        6]), 'fitness': -1.783, 'bounds': [(-10, 10), (-10, 10), (-10, 10), (-10, 10), (-10, 10), (-10, 10), (-10, 10), (-10, 10), (-10, 10), (-10, 10), (-10, 10), (-10, 10), (-10, 10), (-10, 10), (-10, 10), (-10, 10), (-10, 10), (-10, 10)]}
{'genes': array([  3,   5,  -2,   6,  -4,  -2,  10,  -6,   8,  -2,  -4,   4,   3,
        -1, -10,   2,   1,  -8]), 'fitness': -1.771, 'bounds': [(-10, 10), (-10, 10), (-10, 10), (-10, 10), (-10, 10), (-10, 10), (-10, 10), (-10, 10), (-10, 10), (-10, 10), (-10, 10), (-10, 10), (-10, 10), (-10, 10), (-10, 10), (-10, 10), (-10, 10), (-10, 10)]}
{'genes': array([  3,   5,  -3,   7,  -4,  -6,  -2,  -4,   9,  -6,  -4,   8,  -3,
        -2, -10,   2,   1,  -8]), 'fitness': -4.703, 'bounds': [(-10, 10), (-10, 10), (-10, 10), (-10, 10), (-10, 10), (-10, 10), (-10, 10), (-10, 10), (-10, 10), (-10, 10), (-10, 10), (-10, 10), (-10, 10), (-10, 10), (-10, 10), (-10, 10), (-10, 10), (-10, 10)]}
{'genes': array([10,  5, -2,  3,  8,  7, -2, -6, -5, -2, -4,  8, -3, -2, -8,  2,  1,
       -8]), 'fitness': -1.793, 'bounds': [(-10, 10), (-10, 10), (-10, 10), (-10, 10), (-10, 10), (-10, 10), (-10, 10), (-10, 10), (-10, 10), (-10, 10), (-10, 10), (-10, 10), (-10, 10), (-10, 10), (-10, 10), (-10, 10), (-10, 10), (-10, 10)]}
{'genes': array([ -4,   5,  -3,   6,  -4,  -6,  -2,  -7,   9,  -6,  -8,   8,  -3,
        -2, -10,   2,   0,   6]), 'fitness': -1.794, 'bounds': [(-10, 10), (-10, 10), (-10, 10), (-10, 10), (-10, 10), (-10, 10), (-10, 10), (-10, 10), (-10, 10), (-10, 10), (-10, 10), (-10, 10), (-10, 10), (-10, 10), (-10, 10), (-10, 10), (-10, 10), (-10, 10)]}
{'genes': array([ 6,  5,  9,  6, -6, -6, -8, -7, -7, -6, -8,  8, -3, -1,  6,  9, -3,
        6]), 'fitness': -1.796, 'bounds': [(-10, 10), (-10, 10), (-10, 10), (-10, 10), (-10, 10), (-10, 10), (-10, 10), (-10, 10), (-10, 10), (-10, 10), (-10, 10), (-10, 10), (-10, 10), (-10, 10), (-10, 10), (-10, 10), (-10, 10), (-10, 10)]}
Selected:
{'genes': array([  6,   5,  -3,   6,  -4,  -6,  -2,   3,   9,  -6,  -8,   8,   6,
        -1, -10,   9,  -3,   6]), 'fitness': -30.446, 'bounds': [(-10, 10), (-10, 10), (-10, 10), (-10, 10), (-10, 10), (-10, 10), (-10, 10), (-10, 10), (-10, 10), (-10, 10), (-10, 10), (-10, 10), (-10, 10), (-10, 10), (-10, 10), (-10, 10), (-10, 10), (-10, 10)]}
{'genes': array([ 6,  5, -3,  6,  2,  9, -9, -7,  9, -6, -8,  8, -3, -1,  6,  9,  1,
        6]), 'fitness': -30.414, 'bounds': [(-10, 10), (-10, 10), (-10, 10), (-10, 10), (-10, 10), (-10, 10), (-10, 10), (-10, 10), (-10, 10), (-10, 10), (-10, 10), (-10, 10), (-10, 10), (-10, 10), (-10, 10), (-10, 10), (-10, 10), (-10, 10)]}
{'genes': array([  6,   5,  -3,   6,  -3,   3,  -9,   5,  -7,  -2,  -8,  10,   2,
        -1, -10,   9,   1,   6]), 'fitness': -30.066, 'bounds': [(-10, 10), (-10, 10), (-10, 10), (-10, 10), (-10, 10), (-10, 10), (-10, 10), (-10, 10), (-10, 10), (-10, 10), (-10, 10), (-10, 10), (-10, 10), (-10, 10), (-10, 10), (-10, 10), (-10, 10), (-10, 10)]}
{'genes': array([  6,   5,  -3,   6, -10,   3,  -9,  -7,   1,  -2,  -4,   4,   1,
        -4,  10,   9,  -2,   6]), 'fitness': -30.056, 'bounds': [(-10, 10), (-10, 10), (-10, 10), (-10, 10), (-10, 10), (-10, 10), (-10, 10), (-10, 10), (-10, 10), (-10, 10), (-10, 10), (-10, 10), (-10, 10), (-10, 10), (-10, 10), (-10, 10), (-10, 10), (-10, 10)]}
{'genes': array([ 5, -2, -3,  4, -2,  7, -9, -7,  1, -2, -4,  4,  1, -4, 10,  9,  3,
        8]), 'fitness': -30.046, 'bounds': [(-10, 10), (-10, 10), (-10, 10), (-10, 10), (-10, 10), (-10, 10), (-10, 10), (-10, 10), (-10, 10), (-10, 10), (-10, 10), (-10, 10), (-10, 10), (-10, 10), (-10, 10), (-10, 10), (-10, 10), (-10, 10)]}
{'genes': array([ 5,  5, -3, -2, -3, -2, -9, -7,  1, -2, -8,  4, -4, 10, 10,  9,  3,
        3]), 'fitness': -30.037, 'bounds': [(-10, 10), (-10, 10), (-10, 10), (-10, 10), (-10, 10), (-10, 10), (-10, 10), (-10, 10), (-10, 10), (-10, 10), (-10, 10), (-10, 10), (-10, 10), (-10, 10), (-10, 10), (-10, 10), (-10, 10), (-10, 10)]}
{'genes': array([ 5,  5, -3, -2, -8, -9, -9, -7,  1, -2, -4,  4, -8, -1, 10,  9,  3,
        3]), 'fitness': -30.034, 'bounds': [(-10, 10), (-10, 10), (-10, 10), (-10, 10), (-10, 10), (-10, 10), (-10, 10), (-10, 10), (-10, 10), (-10, 10), (-10, 10), (-10, 10), (-10, 10), (-10, 10), (-10, 10), (-10, 10), (-10, 10), (-10, 10)]}
{'genes': array([ 6,  8, -4,  8, -6,  2, -9, -7,  0, -6,  7,  8, -3, -5,  6,  9, -2,
        4]), 'fitness': -30.033, 'bounds': [(-10, 10), (-10, 10), (-10, 10), (-10, 10), (-10, 10), (-10, 10), (-10, 10), (-10, 10), (-10, 10), (-10, 10), (-10, 10), (-10, 10), (-10, 10), (-10, 10), (-10, 10), (-10, 10), (-10, 10), (-10, 10)]}
{'genes': array([ 6,  0, -3,  6, -3,  7, -9,  5, -5, -2,  4,  8,  2, -1, -5,  3, -6,
        8]), 'fitness': -30.029, 'bounds': [(-10, 10), (-10, 10), (-10, 10), (-10, 10), (-10, 10), (-10, 10), (-10, 10), (-10, 10), (-10, 10), (-10, 10), (-10, 10), (-10, 10), (-10, 10), (-10, 10), (-10, 10), (-10, 10), (-10, 10), (-10, 10)]}
{'genes': array([  3,   5,  -4,   6,  -4,  -2,  -9,  -6,   8,  -2,  -4,   8,  -3,
        -2, -10,   2,   1,  -8]), 'fitness': -30.007, 'bounds': [(-10, 10), (-10, 10), (-10, 10), (-10, 10), (-10, 10), (-10, 10), (-10, 10), (-10, 10), (-10, 10), (-10, 10), (-10, 10), (-10, 10), (-10, 10), (-10, 10), (-10, 10), (-10, 10), (-10, 10), (-10, 10)]}
######
Best: -30.446
######
Mean: -30.1168
######
Best: [  6   5  -3   6  -4  -6  -2   3   9  -6  -8   8   6  -1 -10   9  -3   6]